left_hand_up = [1994, 2056, 2379, 2417, 2710, 2753, 3607, 3646, 3943, 3993, 5118, 5157, 5500, 5549, 12661, 12699, 12998, 13058, 13608, 13650, 13986, 14042, 19806, 19836, 20177, 20219, 22433, 22462, 22741, 22804, 23911, 23946, 24344, 24398, 24884, 24922, 25262, 25310, 25510, 25567, 25943, 25982, 26474, 26552, 28462, 28501, 29674, 29712, 30055, 30106, 31296, 31320, 31671, 31716, 33074, 33106, 33399, 33455, 33894, 33936, 34260, 34327, 34785, 34823, 35168, 35228, 35463, 35500, 35836, 35896, 36155, 36184, 36536, 36597, 36939, 36995, 38457, 38511, 38858, 38910, 39476, 39524, 42155, 42193, 42554, 42606, 45704, 45738, 46573, 46631, 47217, 47258]

right_hand_up = [2990, 3013, 3308, 3359, 4435, 4463, 4761, 4810, 5910, 5941, 6224, 6281, 6837, 6879, 7173, 7229, 7553, 7606, 7861, 7907, 8401, 8436, 8716, 8775, 9104, 9142, 9487, 9524, 9762, 9789, 11519, 11580, 12051, 12084, 12366, 12413, 14226, 14256, 14583, 14644, 15246, 15284, 15623, 15679, 16353, 16390, 18192, 18232, 19039, 19096, 19427, 19480, 20579, 20621, 20886, 20954, 21400, 21435, 22059, 22115, 23215, 23261, 23582, 23623, 28903, 28932, 29341, 29398, 30538, 30572, 30905, 30948, 32194, 32227, 32515, 32560, 39822, 39854, 40637, 40694, 41285, 41316, 41602, 41661, 42976, 43015, 43776, 43827, 44796, 44839, 45146, 45194, 47565, 47637, 28082, 48111]

left_elbow = [2066, 2090, 2768, 2785, 4006, 4026, 5560, 5582, 13076, 13091, 14056, 14074, 20236, 20253, 22815, 22831, 24410, 24429, 25329, 25344, 26002, 26013, 28519, 28530, 30125, 30139, 31734, 31747, 33473, 33487, 34343, 34358, 35243, 35263, 35910, 35931, 36610, 36626, 38525, 38546, 39538, 39555, 42624, 42640, 46647, 46665]

right_elbow = [3377, 3398, 4824, 4848, 6294, 6311, 7250, 7264, 7923, 7945, 8787, 8805, 9539, 9554, 11598, 11616, 12425, 12447, 14666, 14681, 15702, 15713, 18253, 18267, 19500, 19515, 20976, 20986, 22133, 22149, 23646, 23653, 29419, 29428, 30971, 30985, 32581, 32593, 40714, 40732, 41675, 41692, 43843, 43860, 45208, 45226, 47651, 47667]

stand = [2117, 2358, 2432, 2443, 2504, 2695, 2806, 2975, 3095, 3290, 3411, 3595, 4039, 4421, 4862, 5098, 5596, 5888, 6332, 6821, 7282, 7538, 7960, 8382, 8820, 9091, 9571, 9744, 11634, 12038, 12464, 12645, 13103, 13587, 14090, 14207, 14696, 15230, 15732, 16336, 18284, 19015, 2435, 2440]

meaning = [2454, 2485, 3055, 3079, 6920, 6941, 7643, 7684, 12735, 12759, 19869, 19891, 22498, 22516, 29747, 29770, 34863, 34878, 37034, 37071, 48150, 48173, 3694, 3710, 14298, 14325, 4509, 4538, 23988, 24010, 28972, 28996, 32274, 32300, 36226, 36247, 43064, 43088, 45777, 45803, 5207, 5218, 5998, 6022, 8475, 8507, 9184, 9210, 9830, 9841, 12119, 12148, 15333, 15355, 16432, 16464, 19136, 19157, 20656, 20674, 21476, 21492, 23296, 23320, 24974, 24997, 25610, 25636, 30613, 30637, 31373, 31390, 33149, 33172, 33971, 33972, 35533, 35551, 38963, 38981, 39899, 39943, 41361, 41383, 42234, 42252, 44881, 44908, 47304, 47333]




