檔案名稱： 0032.MP4 時長： 18min25s 影格frame：33120
**以裁判視角左手舉起 是右方隊伍 以裁判視角標註 **

0  Left hands up
----------------------------------------------------------
1142 1418 3832 4042 4573 4804 5271 5592 6895 7190 7500 9340 9930 10245 10848 11342 11744 12071  13005 13386 13728 14563  15149  16837  17376  18489 18765 19359 
19625 19994 21648 23012 23306 24402 25008 27002 27220 27709 27940 29290 29512 30006 30259 30889 31264 32611 

1 Right hands up
-----------------------------------------
573 1676 3115 3473 6093 6361 15480 15856 16263 16562 17726 17960 22199 22517 23590 24013 25453 25792 26373 26639 28571 28895 31656 31980 

2 Left elbow
----------------------------------------------
1461 4085 4855 5654 7236 9383 10274 11378 12127 13074 13802 15216 17409 18839 19663 21703 23377 25046 27259 27997 29555 30308 31310 


3 Right elbow
-----------------------------------------------
617 3514 6389 15893 16585 17998 22559 24045 25852 26678 28927 32024 


4 Stand
-----------------------------------------------
4410 5121 5919 6640 9647 10179 10483 10663 11603 12415 14007 17608 18382 19050 19260 21914 22017 22830 25313 26240 27545 28303 29172 29785 30631 31482 

5 Point (包含其他手勢）
---------------------------------------------------
（Ball in） 1717 5328 6154 6952 7543 9975 10903 11804 13423 16323 18529 19405 20033 22248 23048 24435 26432 27755 28637 29340 32645 
（Ball out） 1188 3168 3881 4622 15540 16878 17765 23647 27040 30918 
(Ball touched) 14619 30050 
31704 （two touch）


6 Challenge （分數調整）
--------------------------------------------------



7 Spatial Time 特殊手勢時刻
-------------------------------------------
