檔案名稱： 0015.MP4 時長： 24min45s 影格frame： 44520
**以裁判視角左手舉起 是右方隊伍 以裁判視角標註 **

0  Left hands up
----------------------------------------------------------
206 572 935 2247 2538 3854 4148 4647 4952 6213 6516 8747 9052 14337 14704 15832 16136 17930 18331 21333 21709 22254 22539 24241 24586 28425 
25199 26977 28800 29274 29567 36864 42209 43013 44250 


1 Right hands up
-----------------------------------------
1399 1735 3096 3393 5297 5725 7268 7602 8094 8411 9499 9849 10478 10775 11310 11605 12073 13878 15114 15397 16566 18783 
19114 19724 19985 20586 20912 23056 23726 27624 27981 30063 30360 31168 33695 34143 34579 35084 37513 37897 41782 43479 
43785 


2 Left elbow
----------------------------------------------
253 983 2571 4204 4980 6532 9098 14758 16184 18382 21771 22588 24624 27038 28838 29611 36902 43037 


3 Right elbow
-----------------------------------------------
1770 3446 5770 7646 8457 9906 10830 11662 13967 15431 19158 20025 20941 23772 28021 30405 33749 34600 37935 41826 43829 



4 Stand
-----------------------------------------------
361 1194 3522 4324 7845 8648 9188 9291 10993 11844 14102 15000 15735 16438 17484 19447 22899 23930 25004 27372 28260 30825 34003 34937 37330 
38236 43329 44217 



5 Point (包含其他手勢）
---------------------------------------------------
608 （Ball in）  12119 1457 2285  3890  6296 8146 8784 9568 11356 12119 14424 15882 16625 18830 19776 21382 24295 27688 29324 30122 31228 34195 44295 


3153 （Ball out）4691 5354 7331 10532 15178 17979 22300 25253 35132 43524 


20645 ( Ball touched) 23110 28473 37566 42255


6 Challenge （分數要調整）
--------------------------------------------------
35219 （challenge） to  36373 （ 右邊隊伍得分）

7 Spatial Time 特殊手勢時刻
-------------------------------------------
38397 （ 比賽暫停，球員受傷）41266 （比賽繼續手勢 受傷球員下場）
44372 （比賽結束）